13
05
00
00
93
00
40
06
13
01
e0
fc
b3
81
20
00
23
20
35
00
93
00
20
03
13
01
40
06
b3
81
20
40
23
22
35
00
b7
50
aa
aa
93
80
50
55
37
b1
55
55
13
01
a1
aa
b3
f1
20
00
23
24
35
00
b3
e1
20
00
23
26
35
00
b3
c1
20
00
23
28
35
00
93
00
10
00
13
01
f0
01
b3
91
20
00
23
2a
35
00
b7
00
00
80
93
80
00
00
b3
d1
20
00
23
2c
35
00
b3
d1
20
40
23
2e
35
00
93
00
f0
ff
13
01
10
00
b3
a1
20
00
23
20
35
02
b3
b1
20
00
23
22
35
02
93
01
00
80
23
24
35
02
b7
e1
cd
ab
23
26
35
02
93
00
50
00
13
01
50
00
63
88
20
00
b7
11
00
00
93
81
d1
ba
6f
00
c0
00
b7
61
00
00
93
81
d1
00
23
28
35
02
63
98
20
00
b7
61
00
00
93
81
d1
00
6f
00
c0
00
b7
11
00
00
93
81
d1
ba
23
2a
35
02
6f
00
00
01
b7
11
00
00
93
81
d1
ba
6f
00
c0
00
b7
61
00
00
93
81
d1
00
23
2c
35
02
93
00
a0
00
b3
80
10
00
b3
81
10
00
23
2e
35
02
93
00
a0
00
b3
80
00
00
13
00
00
00
b3
81
10
00
23
20
35
04
b7
d0
ab
89
93
80
f0
de
23
28
15
18
83
01
05
19
23
22
35
04
83
41
05
19
23
24
35
04
83
11
05
19
23
26
35
04
83
51
05
19
23
28
35
04
83
21
05
19
23
2a
35
04
83
20
05
19
23
2c
15
04
b7
00
ff
ff
93
80
00
00
93
f1
00
0f
23
2e
35
04
93
61
c0
0b
23
20
35
06
93
41
f0
0f
23
22
35
06
93
00
10
00
93
91
f0
01
23
24
35
06
b7
00
00
80
93
80
00
00
93
d1
00
01
23
26
35
06
93
d1
00
41
23
28
35
06
93
00
e0
fc
93
a1
80
fd
23
2a
35
06
93
b1
a0
00
23
2c
35
06
93
00
60
ff
13
01
50
00
63
c8
20
00
b7
11
00
00
93
81
d1
ba
6f
00
c0
00
b7
61
00
00
93
81
d1
00
23
2e
35
06
63
e8
20
00
b7
61
00
00
93
81
d1
00
6f
00
c0
00
b7
11
00
00
93
81
d1
ba
23
20
35
08
63
58
11
00
b7
11
00
00
93
81
d1
ba
6f
00
c0
00
b7
61
00
00
93
81
d1
00
23
22
35
08
63
f8
20
00
b7
11
00
00
93
81
d1
ba
6f
00
c0
00
b7
61
00
00
93
81
d1
00
23
24
35
08
ef
00
00
01
b7
61
00
00
93
81
d1
00
6f
00
00
01
67
80
00
00
b7
11
00
00
93
81
d1
ba
23
26
35
08
23
2a
05
18
93
00
a0
0a
a3
0a
15
18
83
21
45
19
23
28
35
08
23
2c
05
18
b7
c0
00
00
93
80
c0
bc
23
1d
15
18
83
21
85
19
23
2a
35
08
63
08
00
00
b7
11
00
00
93
81
d1
ba
23
2c
35
08
b7
61
00
00
93
81
d1
00
23
2c
35
08
93
00
10
00
b3
80
10
00
b3
80
10
00
b3
81
10
00
23
2e
35
08
ef
00
40
00
93
80
00
01
67
80
00
00
93
01
00
00
93
01
00
00
93
01
10
00
23
20
35
0a
13
00
50
00
23
22
05
0a
97
00
00
00
13
01
01
00
b3
01
11
40
23
24
35
0a
83
20
05
19
93
81
10
00
23
26
35
0a
93
00
f0
ff
63
d8
00
00
b7
61
00
00
93
81
d1
00
6f
00
c0
00
b7
11
00
00
93
81
d1
ba
23
28
35
0a
93
00
f0
ff
63
f8
00
00
b7
11
00
00
93
81
d1
ba
6f
00
c0
00
b7
61
00
00
93
81
d1
00
23
2a
35
0a
93
00
30
00
93
01
00
00
93
81
51
00
93
80
f0
ff
e3
9c
00
fe
23
2c
35
0a
93
00
f0
ff
13
01
00
00
b3
91
20
00
23
2e
35
0a
b7
50
34
12
93
80
80
67
13
01
00
02
b3
91
20
00
23
20
35
0c
93
00
f0
ff
93
81
10
00
23
22
35
0c
b7
00
00
80
93
80
00
00
23
2e
15
18
83
01
f5
19
23
24
35
0c
83
41
f5
19
23
26
35
0c
83
20
05
19
23
28
15
0c
6f
00
00
01
b7
61
00
00
93
81
d1
00
6f
00
00
01
6f
f0
5f
ff
b7
11
00
00
93
81
d1
ba
23
2a
35
0c
93
01
f0
ff
23
2c
35
0c
93
00
10
00
23
20
15
32
13
01
20
00
23
22
25
32
13
02
40
00
23
24
45
32
93
02
50
00
23
26
55
32
13
03
60
00
23
28
65
32
93
03
70
00
23
2a
75
32
13
04
80
00
23
2c
85
32
93
04
90
00
23
2e
95
32
93
05
b0
00
23
20
b5
34
13
06
c0
00
23
22
c5
34
b3
81
20
00
b3
81
41
00
b3
81
51
00
b3
81
61
00
b3
81
71
00
b3
81
81
00
b3
81
91
00
b3
81
b1
00
b3
81
c1
00
23
24
35
34
b7
00
01
00
93
80
e0
ac
23
24
15
3e
03
21
85
3e
63
08
11
00
b7
11
00
00
93
81
d1
ba
6f
00
c0
00
b7
61
00
00
93
81
d1
00
23
26
35
34
03
21
85
3e
63
18
01
00
b7
11
00
00
93
81
d1
ba
6f
00
c0
00
b7
61
00
00
93
81
d1
00
23
28
35
34
b7
00
00
80
93
80
f0
ff
23
26
15
3e
03
21
c5
3e
63
48
20
00
b7
11
00
00
93
81
d1
ba
6f
00
c0
00
b7
61
00
00
93
81
d1
00
23
2a
35
34
03
21
c5
3e
63
58
11
00
b7
11
00
00
93
81
d1
ba
6f
00
c0
00
b7
61
00
00
93
81
d1
00
23
2c
35
34
b7
10
11
11
93
80
10
11
33
80
10
00
b3
01
10
00
23
2e
35
34
37
21
22
22
13
01
21
22
33
00
11
40
b3
01
20
00
23
20
35
36
03
20
85
3e
b3
01
00
00
23
22
35
36
37
f0
ff
ff
b3
01
00
00
23
24
35
36
ef
00
00
01
b7
11
00
00
93
81
d1
ba
6f
00
40
02
17
01
00
00
13
01
c1
00
e7
00
01
00
b7
11
00
00
93
81
d1
ba
6f
00
c0
00
b7
61
00
00
93
81
d1
00
23
26
35
36
93
01
f0
7f
23
28
35
36
93
01
00
80
23
2a
35
36
93
00
e0
7f
93
a1
f0
7f
23
2c
35
36
93
00
10
80
93
a1
00
80
23
2e
35
36
93
00
e0
ff
93
b1
f0
ff
23
20
35
38
b7
50
34
12
93
80
80
67
93
f1
f0
ff
23
22
35
38
93
61
00
80
23
24
35
38
b7
b0
aa
aa
93
80
a0
aa
93
c1
50
55
23
26
35
38
b7
00
00
80
93
80
00
00
93
d1
f0
41
23
28
35
38
b7
00
00
80
93
80
f0
ff
93
d1
f0
41
23
2a
35
38
b7
00
00
40
93
80
00
00
93
91
10
00
23
2c
35
38
93
91
20
00
23
2e
35
38
b7
61
00
00
93
81
d1
00
13
00
00
00
13
00
00
00
13
00
00
00
23
20
35
3a
b7
40
2b
1a
93
80
d0
c4
23
28
15
3e
83
01
05
3f
23
22
35
3a
83
01
15
3f
23
24
35
3a
83
01
25
3f
23
26
35
3a
83
01
35
3f
23
28
35
3a
83
41
05
3f
23
2a
35
3a
83
41
35
3f
23
2c
35
3a
83
11
05
3f
23
2e
35
3a
83
11
25
3f
23
20
35
3c
83
51
05
3f
23
22
35
3c
83
51
25
3f
23
24
35
3c
93
00
20
03
13
01
20
03
b3
81
20
00
33
82
11
40
b3
02
22
00
23
26
55
3c
93
00
10
00
13
01
10
00
b3
80
20
00
63
88
20
00
b7
61
00
00
93
81
d1
00
6f
00
c0
00
b7
11
00
00
93
81
d1
ba
23
28
35
3c
93
00
f0
ff
13
01
10
00
b3
b1
20
00
23
2a
35
3c
b3
a1
20
00
23
2c
35
3c
93
00
10
00
93
91
f0
01
23
2e
35
3c
b7
c0
00
00
93
80
b0
bb
23
2a
15
3e
03
21
45
3f
93
01
11
00
23
20
35
3e
b7
d1
ea
0d
93
81
01
25
23
22
35
3e
00
00
00
00
00
00
00
00
00
00
00
00
00
00
00
00
00
00
00
00
00
00
00
00
00
00
00
00
00
00
00
00
00
00
00
00
00
00
00
00
00
00
00
00
00
00
00
00
00
00
00
00
00
00
00
00
00
00
00
00
00
00
00
00
00
00
00
00
00
00
00
00
00
00
00
00
00
00
00
00
00
00
00
00
00
00
00
00
00
00
00
00
00
00
00
00
00
00
00
00
00
00
00
00
00
00
00
00
00
00
00
00
00
00
00
00
00
00
00
00
00
00
00
00
00
00
00
00
00
00
00
00
00
00
00
00
00
00
00
00
00
00
00
00
00
00
00
00
00
00
00
00
00
00
00
00
00
00
00
00
00
00
00
00
00
00
00
00
00
00
00
00
00
00
00
00
00
00
00
00
00
00
00
00
00
00
00
00
00
00
00
00
00
00
00
00
00
00
00
00
00
00
00
00
00
00
00
00
00
00
00
00
00
00
00
00
00
00
00
00
00
00
00
00
00
00
00
00
00
00
00
00
00
00
00
00
00
00
00
00
00
00
00
00
00
00
00
00
00
00
00
00
00
00
00
00
00
00
00
00
00
00
00
00
00
00
00
00
00
00
00
00
00
00
00
00
00
00
00
00
00
00
00
00
00
00
00
00
00
00
00
00
00
00
00
00
00
00
00
00
00
00
00
00
00
00
00
00
00
00
00
00
00
00
00
00
00
00
00
00
00
00
00
00
00
00
00
00
00
00
00
00
00
00
00
00
00
00
00
00
00
00
00
00
00
00
00
00
00
00
00
00
00
00
00
00
00
00
00
00
00
00
00
00
00
00
00
00
00
00
00
00
00
00
00
00
00
00
00
00
00
00
00
00
00
00
00
00
00
00
00
00
00
00
00
00
00
00
00
00
00
00
00
00
00
00
00
00
00
00
00
00
00
00
00
00
00
00
00
00
00
00
00
00
00
00
00
00
00
00
00
00
00
00
00
00
00
00
00
00
00
00
00
00
00
00
00
00
00
00
00
00
00
00
00
00
00
00
00
00
00
00
00
00
00
00
00
00
00
00
00
00
00
00
00
00
00
00
00
00
00
00
00
00
00
00
00
00
00
00
00
00
00
00
00
00
00
00
00
00
00
00
00
00
00
00
00
00
00
00
00
00
00
00
00
00
00
00
00
00
00
00
00
00
00
00
00
00
00
00
00
00
00
00
00
00
00
00
00
00
00
00
00
00
00
00
00
00
00
00
00
00
00
00
00
00
00
00
00
00
00
00
00
00
00
00
00
00
00
00
00
00
00
00
00
00
00
00
00
00
00
00
00
00
00
00
00
00
00
00
00
00
00
00
00
00
00
00
00
00
00
00
00
00
00
00
00
00
00
00
00
00
00
00
00
00
00
00
00
00
00
00
00
00
00
00
00
00
00
00
00
00
00
00
00
00
00
00
00
00
00
00
00
00
00
00
00
00
00
00
00
00
00
00
00
00
00
00
00
00
00
00
00
00
00
00
00
00
00
00
00
00
00
00
00
00
00
00
00
00
00
00
00
00
00
00
00
00
00
00
00
00
00
00
00
00
00
00
00
00
00
00
00
00
00
00
00
00
00
00
00
00
00
00
00
00
00
00
00
00
00
00
00
00
00
00
00
00
00
00
00
00
00
00
00
00
00
00
00
00
00
00
00
00
00
00
00
00
00
00
00
00
00
00
00
00
00
00
00
00
00
00
00
00
00
00
00
00
00
00
00
00
00
00
00
00
00
00
00
00
00
00
00
00
00
00
00
00
00
00
00
00
00
00
00
00
00
00
00
00
00
00
00
00
00
00
00
00
00
00
00
00
00
00
00
00
00
00
00
00
00
00
00
00
00
00
00
00
00
00
00
00
00
00
00
00
00
00
00
00
00
00
00
00
00
00
00
00
00
00
00
00
00
00
00
00
00
00
00
00
00
00
00
00
00
00
00
00
00
00
00
00
00
00
00
00
00
00
00
00
00
00
00
00
00
00
00
00
00
00
00
00
00
00
00
00
00
00
00
00
00
00
00
00
00
00
00
00
00
00
00
00
00
00
00
00
00
00
00
00
00
00
00
00
00
00
00
00
00
00
00
00
00
00
00
00
00
00
00
00
00
00
00
00
00
00
00
00
00
00
00
00
00
00
00
00
00
00
00
00
00
00
00
00
00
00
00
00
00
00
00
00
00
00
00
00
00
00
00
00
00
00
00
00
00
00
00
00
00
00
00
00
00
00
00
00
00
00
00
00
00
00
00
00
00
00
00
00
00
00
00
00
00
00
00
00
00
00
00
00
00
00
00
00
00
00
00
00
00
00
00
00
00
00
00
00
00
00
00
00
00
00
00
00
00
00
00
00
00
00
00
00
00
00
00
00
00
00
00
00
00
00
00
00
00
00
00
00
00
00
00
00
00
00
00
00
00
00
00
00
00
00
00
00
00
00
00
00
00
00
00
00
00
00
00
00
00
00
00
00
00
00
00
00
00
00
00
00
00
00
00
00
00
00
00
00
00
00
00
00
00
00
00
00
00
00
00
00
00
00
00
00
00
00
00
00
00
00
00
00
00
00
00
00
00
00
00
00
00
00
00
00
00
00
00
00
00
00
00
00
00
00
00
00
00
00
00
00
00
00
00
00
00
00
00
00
00
00
00
00
00
00
00
00
00
00
00
00
00
00
00
00
00
00
00
00
00
00
00
00
00
00
00
00
00
00
00
00
00
00
00
00
00
00
00
00
00
00
00
00
00
00
00
00
00
00
00
00
00
00
00
00
00
00
00
00
00
00
00
00
00
00
00
00
00
00
00
00
00
00
00
00
00
00
00
00
00
00
00
00
00
00
00
00
00
00
00
00
00
00
00
00
00
00
00
00
00
00
00
00
00
00
00
00
00
00
00
00
00
00
00
00
00
00
00
00
00
00
00
00
00
00
00
00
00
00
00
00
00
00
00
00
00
00
00
00
00
00
00
00
00
00
00
00
00
00
00
00
00
00
00
00
00
00
00
00
00
00
00
00
00
00
00
00
00
00
00
00
00
00
00
00
00
00
00
00
00
00
00
00
00
00
00
00
00
00
00
00
00
00
00
00
00
00
00
00
00
00
00
00
00
00
00
00
00
00
00
00
00
00
00
00
00
00
00
00
00
00
00
00
00
00
00
00
00
00
00
00
00
00
00
00
00
00
00
00
00
00
00
00
00
00
00
00
00
00
00
00
00
00
00
00
00
00
00
00
00
00
00
00
00
00
00
00
00
00
00
00
00
00
00
00
00
00
00
00
00
00
00
00
00
00
00
00
00
00
00
00
00
00
00
00
00
00
00
00
00
00
00
00
00
00
00
00
00
00
00
00
00
00
00
00
00
00
00
00
00
00
00
00
00
00
00
00
00
00
00
00
00
00
00
00
00
00
00
00
00
00
00
00
00
00
00
00
00
00
00
00
00
00
00
00
00
00
00
00
00
00
00
00
00
00
00
00
00
00
00
00
00
00
00
00
00
00
00
00
00
00
00
00
00
00
00
00
00
00
00
00
00
00
00
00
00
00
00
00
00
00
00
00
00
00
00
00
00
00
00
00
00
00
00
00
00
00
00
00
00
00
00
00
00
00
00
00
00
00
00
00
00
00
00
00
00
00
00
00
00
00
00
00
00
00
00
00
00
00
00
00
00
00
00
00
00
00
00
00
00
00
00
00
00
00
00
00
00
00
00
00
00
00
00
00
00
00
00
00
00
00
00
00
00
00
00
00
00
00
00
00
00
00
00
00
00
00
00
00
00
00
00
00
00
00
00
00
00
00
00
00
00
00
00
00
00
00
00
00
00
00
00
00
00
00
00
00
00
00
00
00
00
00
00
00
00
00
00
00
00
00
00
00
00
00
00
00
00
00
00
00
00
00
00
00
00
00
00
00
00
00
00
00
00
00
00
00
00
00
00
00
00
00
00
00
00
00
00
00
00
00
00
00
00
00
00
00
00
00
00
00
00
00
00
00
00
00
00
00
00
00
00
00
00
00
00
00
00
00
00
00
00
00
00
00
00
00
00
00
00
00
00
00
00
00
00
00
00
00
00
00
00
00
00
00
00
00
00
00
00
00
00
00
00
00
00
00
00
00
00
00
00
00
00
00
00
00
00
00
00
00
00
00
00
00
00
00
00
00
00
00
00
00
00
00
00
00
00
00
00
00
00
00
00
00
00
00
00
00
00
00
00
00
00
00
00
00
00
00
00
00
00
00
00
00
00
00
00
00
00
00
00
00
00
00
00
00
00
00
00
00
00
00
00
00
00
00
00
00
00
00
00
00
00
00
00
00
00
00
00
00
00
00
00
00
00
00
00
00
00
00
00
00
00
00
00
00
00
00
00
00
00
00
00
00
00
00
00
00
00
00
00
00
00
00
00
00
00
00
00
00
00
00
00
00
00
00
00
00
00
00
00
00
00
00
00
00
00
00
00
00
00
00
00
00
00
00
00
00
00
00
00
00
00
00
00
00
00
00
00
00
00
00
00
00
00
00
00
00
00
00
00
00
00
00
00
00
00
00
00
00
00
00
00
00
00
00
00
00
00
00
00
00
00
00
00
00
00
00
00
00
00
00
00
00
00
00
00
00
00
00
00
00
00
00
00
00
00
00
00
00
00
00
00
00
00
00
00
00
00
00
00
00
00
00
00
00
00
00
00
00
00
00
00
00
00
00
00
00
00
00
00
00
00
00
00
00
00
00
00
00
00
00
00
00
00
00
00
00
00
00
00
00
00
00
00
00
00
00
00
00
00
00
00
00
00
00
00
00
00
00
00
00
00
00
00
00
00
00
00
00
00
00
00
00
00
00
00
00
00
00
00
00
00
00
00
00
00
00
00
00
00
00
00
00
00
00
00
00
00
00
00
00
00
00
00
00
00
00
00
00
00
00
00
00
00
00
00
00
00
00
00
00
00
00
00
00
00
00
00
00
00
00
00
00
00
00
00
00
00
00
00
00
00
00
00
00
00
00
00
00
00
00
00
00
00
00
00
00
00
00
00
00
00
00
00
00
00
00
00
00
00
00
00
00
00
00
00
00
00
00
00
00
00
00
00
00
00
00
00
00
00
00
00
00
00
00
00
00
00
00
00
00
00
00
00
00
00
00
00
00
00
00
00
00
00
00
00
00
00
00
00
00
00
00
00
00
00
00
00
00
00
00
00
00
00
00
00
00
00
00
00
00
00
00
00
00
00
00
00
00
00
00
00
00
00
00
00
00
00
00
00
00
00
00
00
00
00
00
00
00
00
00
00
00
00
00
00
00
00
00
00
00
00
00
00
00
00
00
